###############################################################################################################################################################################
______________________________________________________________________________________________________________________________________________________
 | I0 | I1 | I2 | (I2&I1) | (!(I2&I1)) | (I1&I0) | ((!(I2&I1))+(I1&I0)) |
 _______________________________________________________________________|
 |  0 |  0 |  0 |    0    |      1     |    0    |           1          |
 _______________________________________________________________________|
 |  0 |  0 |  1 |    0    |      1     |    0    |           1          |
 _______________________________________________________________________|
 |  0 |  1 |  0 |    0    |      1     |    0    |           1          |
 _______________________________________________________________________|
 |  0 |  1 |  1 |    1    |      0     |    0    |           0          |
 _______________________________________________________________________|
 |  1 |  0 |  0 |    0    |      1     |    0    |           1          |
 _______________________________________________________________________|
 |  1 |  0 |  1 |    0    |      1     |    0    |           1          |
 _______________________________________________________________________|
 |  1 |  1 |  0 |    0    |      1     |    1    |           1          |
 _______________________________________________________________________|
 |  1 |  1 |  1 |    1    |      0     |    1    |           1          |
 _______________________________________________________________________|
