###############################################################################################################################################################################
______________________________________________________________________________________________________________________________________________________
 | I0 | I1 | I2 | (I2+I1) | (I1&I0) | (!(I2+I1)) | (!(I1&I0)) | ((!(I2+I1))+(!(I1&I0))) |
 _______________________________________________________________________________________|
 |  0 |  0 |  0 |    0    |    0    |      1     |      1     |            1            |
 _______________________________________________________________________________________|
 |  0 |  0 |  1 |    1    |    0    |      0     |      1     |            1            |
 _______________________________________________________________________________________|
 |  0 |  1 |  0 |    1    |    0    |      0     |      1     |            1            |
 _______________________________________________________________________________________|
 |  0 |  1 |  1 |    1    |    0    |      0     |      1     |            1            |
 _______________________________________________________________________________________|
 |  1 |  0 |  0 |    0    |    0    |      1     |      1     |            1            |
 _______________________________________________________________________________________|
 |  1 |  0 |  1 |    1    |    0    |      0     |      1     |            1            |
 _______________________________________________________________________________________|
 |  1 |  1 |  0 |    1    |    1    |      0     |      0     |            0            |
 _______________________________________________________________________________________|
 |  1 |  1 |  1 |    1    |    1    |      0     |      0     |            0            |
 _______________________________________________________________________________________|
