###############################################################################################################################################################################
______________________________________________________________________________________________________________________________________________________
 | I0 | I1 | I2 | I3 | (!I2) | (I1&I0) | (!I1) | ((!I2)&(I1&I0)) | ((!I1)+((!I2)&(I1&I0))) | (I3+((!I1)+((!I2)&(I1&I0)))) |
 _________________________________________________________________________________________________________________________|
 |  0 |  0 |  0 |  0 |   1   |    0    |   1   |        0        |            1            |               1              |
 _________________________________________________________________________________________________________________________|
 |  0 |  0 |  0 |  1 |   1   |    0    |   1   |        0        |            1            |               1              |
 _________________________________________________________________________________________________________________________|
 |  0 |  0 |  1 |  0 |   0   |    0    |   1   |        0        |            1            |               1              |
 _________________________________________________________________________________________________________________________|
 |  0 |  0 |  1 |  1 |   0   |    0    |   1   |        0        |            1            |               1              |
 _________________________________________________________________________________________________________________________|
 |  0 |  1 |  0 |  0 |   1   |    0    |   0   |        0        |            0            |               0              |
 _________________________________________________________________________________________________________________________|
 |  0 |  1 |  0 |  1 |   1   |    0    |   0   |        0        |            0            |               1              |
 _________________________________________________________________________________________________________________________|
 |  0 |  1 |  1 |  0 |   0   |    0    |   0   |        0        |            0            |               0              |
 _________________________________________________________________________________________________________________________|
 |  0 |  1 |  1 |  1 |   0   |    0    |   0   |        0        |            0            |               1              |
 _________________________________________________________________________________________________________________________|
 |  1 |  0 |  0 |  0 |   1   |    0    |   1   |        0        |            1            |               1              |
 _________________________________________________________________________________________________________________________|
 |  1 |  0 |  0 |  1 |   1   |    0    |   1   |        0        |            1            |               1              |
 _________________________________________________________________________________________________________________________|
 |  1 |  0 |  1 |  0 |   0   |    0    |   1   |        0        |            1            |               1              |
 _________________________________________________________________________________________________________________________|
 |  1 |  0 |  1 |  1 |   0   |    0    |   1   |        0        |            1            |               1              |
 _________________________________________________________________________________________________________________________|
 |  1 |  1 |  0 |  0 |   1   |    1    |   0   |        1        |            1            |               1              |
 _________________________________________________________________________________________________________________________|
 |  1 |  1 |  0 |  1 |   1   |    1    |   0   |        1        |            1            |               1              |
 _________________________________________________________________________________________________________________________|
 |  1 |  1 |  1 |  0 |   0   |    1    |   0   |        0        |            0            |               0              |
 _________________________________________________________________________________________________________________________|
 |  1 |  1 |  1 |  1 |   0   |    1    |   0   |        0        |            0            |               1              |
 _________________________________________________________________________________________________________________________|
