###############################################################################################################################################################################
______________________________________________________________________________________________________________________________________________________
 | I2 | I1 | I0 | (I1&I0) | (I1&I2) | ((I1&I0)+(I1&I2)) |
 _______________________________________________________|
 |  0 |  0 |  0 |    0    |    0    |         0         |
 _______________________________________________________|
 |  0 |  0 |  1 |    0    |    0    |         0         |
 _______________________________________________________|
 |  0 |  1 |  0 |    0    |    0    |         0         |
 _______________________________________________________|
 |  0 |  1 |  1 |    1    |    0    |         1         |
 _______________________________________________________|
 |  1 |  0 |  0 |    0    |    0    |         0         |
 _______________________________________________________|
 |  1 |  0 |  1 |    0    |    0    |         0         |
 _______________________________________________________|
 |  1 |  1 |  0 |    0    |    1    |         1         |
 _______________________________________________________|
 |  1 |  1 |  1 |    1    |    1    |         1         |
 _______________________________________________________|
