###############################################################################################################################################################################
______________________________________________________________________________________________________________________________________________________
 | ABC | Z | F18 | I99 | (!I99) | (!(!I99)) | ((!(!I99))&F18) | (Z&ABC) | (((!(!I99))&F18)+(Z&ABC)) |
 ___________________________________________________________________________________________________|
 |  0  | 0 |  0  |  0  |    1   |     0     |        0        |    0    |             0             |
 ___________________________________________________________________________________________________|
 |  0  | 0 |  0  |  1  |    0   |     1     |        0        |    0    |             0             |
 ___________________________________________________________________________________________________|
 |  0  | 0 |  1  |  0  |    1   |     0     |        0        |    0    |             0             |
 ___________________________________________________________________________________________________|
 |  0  | 0 |  1  |  1  |    0   |     1     |        1        |    0    |             1             |
 ___________________________________________________________________________________________________|
 |  0  | 1 |  0  |  0  |    1   |     0     |        0        |    0    |             0             |
 ___________________________________________________________________________________________________|
 |  0  | 1 |  0  |  1  |    0   |     1     |        0        |    0    |             0             |
 ___________________________________________________________________________________________________|
 |  0  | 1 |  1  |  0  |    1   |     0     |        0        |    0    |             0             |
 ___________________________________________________________________________________________________|
 |  0  | 1 |  1  |  1  |    0   |     1     |        1        |    0    |             1             |
 ___________________________________________________________________________________________________|
 |  1  | 0 |  0  |  0  |    1   |     0     |        0        |    0    |             0             |
 ___________________________________________________________________________________________________|
 |  1  | 0 |  0  |  1  |    0   |     1     |        0        |    0    |             0             |
 ___________________________________________________________________________________________________|
 |  1  | 0 |  1  |  0  |    1   |     0     |        0        |    0    |             0             |
 ___________________________________________________________________________________________________|
 |  1  | 0 |  1  |  1  |    0   |     1     |        1        |    0    |             1             |
 ___________________________________________________________________________________________________|
 |  1  | 1 |  0  |  0  |    1   |     0     |        0        |    1    |             1             |
 ___________________________________________________________________________________________________|
 |  1  | 1 |  0  |  1  |    0   |     1     |        0        |    1    |             1             |
 ___________________________________________________________________________________________________|
 |  1  | 1 |  1  |  0  |    1   |     0     |        0        |    1    |             1             |
 ___________________________________________________________________________________________________|
 |  1  | 1 |  1  |  1  |    0   |     1     |        1        |    1    |             1             |
 ___________________________________________________________________________________________________|
