###############################################################################################################################################################################
______________________________________________________________________________________________________________________________________________________
 | I0 | I1 | I2 | (!I0) | (!I1) | (I1+(!I0)) | (!I2) | ((!I1)+I0) | (I2+(I1+(!I0))) | ((!I2)+((!I1)+I0)) | ((I2+(I1+(!I0)))&((!I2)+((!I1)+I0))) |
 _______________________________________________________________________________________________________________________________________________|
 |  0 |  0 |  0 |   1   |   1   |      1     |   1   |      1     |        1        |          1         |                   1                  |
 _______________________________________________________________________________________________________________________________________________|
 |  0 |  0 |  1 |   1   |   1   |      1     |   0   |      1     |        1        |          1         |                   1                  |
 _______________________________________________________________________________________________________________________________________________|
 |  0 |  1 |  0 |   1   |   0   |      1     |   1   |      0     |        1        |          1         |                   1                  |
 _______________________________________________________________________________________________________________________________________________|
 |  0 |  1 |  1 |   1   |   0   |      1     |   0   |      0     |        1        |          0         |                   0                  |
 _______________________________________________________________________________________________________________________________________________|
 |  1 |  0 |  0 |   0   |   1   |      0     |   1   |      1     |        0        |          1         |                   0                  |
 _______________________________________________________________________________________________________________________________________________|
 |  1 |  0 |  1 |   0   |   1   |      0     |   0   |      1     |        1        |          1         |                   1                  |
 _______________________________________________________________________________________________________________________________________________|
 |  1 |  1 |  0 |   0   |   0   |      1     |   1   |      1     |        1        |          1         |                   1                  |
 _______________________________________________________________________________________________________________________________________________|
 |  1 |  1 |  1 |   0   |   0   |      1     |   0   |      1     |        1        |          1         |                   1                  |
 _______________________________________________________________________________________________________________________________________________|
